0 1 800
0 2 1900
0 3 2150
0 4 2700
0 5 1000
0 6 2000
0 7 3150
0 8 2200
0 9 3200
0 10 2900
0 11 3200
0 12 4100
0 13 4050
0 14 4200
0 15 4200
0 16 5200
0 17 5250
0 18 5500
0 19 5500
0 20 5200
0 21 5000
0 22 5600
0 23 6150
1 0 800
1 2 1100
1 3 1350
1 4 1900
1 5 950
1 6 1950
1 7 3100
1 8 2150
1 9 3150
1 10 2850
1 11 3150
1 12 4050
1 13 4000
1 14 4150
1 15 4150
1 16 5150
1 17 5200
1 18 5450
1 19 5450
1 20 5150
1 21 4950
1 22 5550
1 23 6100
2 0 1900
2 1 1100
2 3 250
2 4 800
2 5 2000
2 6 1000
2 7 2000
2 8 2000
2 9 2900
2 10 3400
2 11 3000
2 12 3850
2 13 3750
2 14 4600
2 15 4000
2 16 4950
2 17 4950
2 18 6000
2 19 5700
2 20 5000
2 21 4800
2 22 5400
2 23 5850
3 0 2150
3 1 1350
3 2 250
3 4 800
3 5 1850
3 6 850
3 7 2000
3 8 1850
3 9 2850
3 10 3250
3 11 2850
3 12 3750
3 13 3700
3 14 4450
3 15 3850
3 16 4850
3 17 4900
3 18 5850
3 19 5550
3 20 4850
3 21 4650
3 22 5250
3 23 5800
4 0 2700
4 1 1900
4 2 800
4 3 800
4 5 2650
4 6 1650
4 7 1200
4 8 2650
4 9 2100
4 10 4050
4 11 3650
4 12 3050
4 13 2950
4 14 5250
4 15 4650
4 16 4150
4 17 4150
4 18 6650
4 19 6000
4 20 5300
4 21 5000
4 22 5150
4 23 5050
5 0 1000
5 1 950
5 2 2000
5 3 1850
5 4 2650
5 6 1000
5 7 2150
5 8 1200
5 9 2200
5 10 1900
5 11 2200
5 12 3100
5 13 3050
5 14 3200
5 15 3200
5 16 4200
5 17 4250
5 18 4500
5 19 4500
5 20 4200
5 21 4000
5 22 4600
5 23 5150
6 0 2000
6 1 1950
6 2 1000
6 3 850
6 4 1650
6 5 1000
6 7 1150
6 8 1000
6 9 2000
6 10 2400
6 11 2000
6 12 2900
6 13 2850
6 14 3600
6 15 3000
6 16 4000
6 17 4050
6 18 5000
6 19 4700
6 20 4000
6 21 3800
6 22 4400
6 23 4950
7 0 3150
7 1 3100
7 2 2000
7 3 2000
7 4 1200
7 5 2150
7 6 1150
7 8 1900
7 9 900
7 10 3300
7 11 2750
7 12 1850
7 13 1750
7 14 4350
7 15 3750
7 16 2950
7 17 2950
7 18 5900
7 19 4800
7 20 4100
7 21 3800
7 22 3950
7 23 3850
8 0 2200
8 1 2150
8 2 2000
8 3 1850
8 4 2650
8 5 1200
8 6 1000
8 7 1900
8 9 1000
8 10 1400
8 11 1000
8 12 1900
8 13 1850
8 14 2600
8 15 2000
8 16 3000
8 17 3050
8 18 4000
8 19 3700
8 20 3000
8 21 2800
8 22 3400
8 23 3950
9 0 3200
9 1 3150
9 2 2900
9 3 2850
9 4 2100
9 5 2200
9 6 2000
9 7 900
9 8 1000
9 10 2400
9 11 1850
9 12 950
9 13 850
9 14 3450
9 15 2850
9 16 2050
9 17 2050
9 18 5000
9 19 3900
9 20 3200
9 21 2900
9 22 3050
9 23 2950
10 0 2900
10 1 2850
10 2 3400
10 3 3250
10 4 4050
10 5 1900
10 6 2400
10 7 3300
10 8 1400
10 9 2400
10 11 900
10 12 1800
10 13 2450
10 14 1300
10 15 1900
10 16 2900
10 17 3650
10 18 2600
10 19 2600
10 20 2900
10 21 2700
10 22 3300
10 23 4200
11 0 3200
11 1 3150
11 2 3000
11 3 2850
11 4 3650
11 5 2200
11 6 2000
11 7 2750
11 8 1000
11 9 1850
11 10 900
11 12 900
11 13 1550
11 14 1600
11 15 1000
11 16 2000
11 17 2750
11 18 3500
11 19 2700
11 20 2000
11 21 1800
11 22 2400
11 23 3300
12 0 4100
12 1 4050
12 2 3850
12 3 3750
12 4 3050
12 5 3100
12 6 2900
12 7 1850
12 8 1900
12 9 950
12 10 1800
12 11 900
12 13 650
12 14 2500
12 15 1900
12 16 1100
12 17 1850
12 18 4150
12 19 2950
12 20 2250
12 21 1950
12 22 2100
12 23 2750
13 0 4050
13 1 4000
13 2 3750
13 3 3700
13 4 2950
13 5 3050
13 6 2850
13 7 1750
13 8 1850
13 9 850
13 10 2450
13 11 1550
13 12 650
13 14 3150
13 15 2550
13 16 1750
13 17 1200
13 18 4800
13 19 3600
13 20 2900
13 21 2600
13 22 2750
13 23 2100
14 0 4200
14 1 4150
14 2 4600
14 3 4450
14 4 5250
14 5 3200
14 6 3600
14 7 4350
14 8 2600
14 9 3450
14 10 1300
14 11 1600
14 12 2500
14 13 3150
14 15 600
14 16 1600
14 17 2400
14 18 2500
14 19 1300
14 20 1600
14 21 1400
14 22 2000
14 23 2900
15 0 4200
15 1 4150
15 2 4000
15 3 3850
15 4 4650
15 5 3200
15 6 3000
15 7 3750
15 8 2000
15 9 2850
15 10 1900
15 11 1000
15 12 1900
15 13 2550
15 14 600
15 16 1000
15 17 1800
15 18 2900
15 19 1700
15 20 1000
15 21 800
15 22 1400
15 23 2300
16 0 5200
16 1 5150
16 2 4950
16 3 4850
16 4 4150
16 5 4200
16 6 4000
16 7 2950
16 8 3000
16 9 2050
16 10 2900
16 11 2000
16 12 1100
16 13 1750
16 14 1600
16 15 1000
16 17 800
16 18 3050
16 19 1850
16 20 1150
16 21 850
16 22 1000
16 23 1700
17 0 5250
17 1 5200
17 2 4950
17 3 4900
17 4 4150
17 5 4250
17 6 4050
17 7 2950
17 8 3050
17 9 2050
17 10 3650
17 11 2750
17 12 1850
17 13 1200
17 14 2400
17 15 1800
17 16 800
17 18 3850
17 19 2650
17 20 1950
17 21 1650
17 22 1800
17 23 900
18 0 5500
18 1 5450
18 2 6000
18 3 5850
18 4 6650
18 5 4500
18 6 5000
18 7 5900
18 8 4000
18 9 5000
18 10 2600
18 11 3500
18 12 4150
18 13 4800
18 14 2500
18 15 2900
18 16 3050
18 17 3850
18 19 1200
18 20 1900
18 21 2200
18 22 2800
18 23 3700
19 0 5500
19 1 5450
19 2 5700
19 3 5550
19 4 6000
19 5 4500
19 6 4700
19 7 4800
19 8 3700
19 9 3900
19 10 2600
19 11 2700
19 12 2950
19 13 3600
19 14 1300
19 15 1700
19 16 1850
19 17 2650
19 18 1200
19 20 700
19 21 1000
19 22 1600
19 23 2500
20 0 5200
20 1 5150
20 2 5000
20 3 4850
20 4 5300
20 5 4200
20 6 4000
20 7 4100
20 8 3000
20 9 3200
20 10 2900
20 11 2000
20 12 2250
20 13 2900
20 14 1600
20 15 1000
20 16 1150
20 17 1950
20 18 1900
20 19 700
20 21 300
20 22 900
20 23 1800
21 0 5000
21 1 4950
21 2 4800
21 3 4650
21 4 5000
21 5 4000
21 6 3800
21 7 3800
21 8 2800
21 9 2900
21 10 2700
21 11 1800
21 12 1950
21 13 2600
21 14 1400
21 15 800
21 16 850
21 17 1650
21 18 2200
21 19 1000
21 20 300
21 22 600
21 23 1500
22 0 5600
22 1 5550
22 2 5400
22 3 5250
22 4 5150
22 5 4600
22 6 4400
22 7 3950
22 8 3400
22 9 3050
22 10 3300
22 11 2400
22 12 2100
22 13 2750
22 14 2000
22 15 1400
22 16 1000
22 17 1800
22 18 2800
22 19 1600
22 20 900
22 21 600
22 23 900
23 0 6150
23 1 6100
23 2 5850
23 3 5800
23 4 5050
23 5 5150
23 6 4950
23 7 3850
23 8 3950
23 9 2950
23 10 4200
23 11 3300
23 12 2750
23 13 2100
23 14 2900
23 15 2300
23 16 1700
23 17 900
23 18 3700
23 19 2500
23 20 1800
23 21 1500
23 22 900
